-350.0 -29.367503517675836
-349.65000000000003 -29.556439370107032
-349.3 -29.742419603231507
-348.95000000000005 -29.92542561918092
-348.6 -30.105439117506187
-348.25 -30.28244209700752
-347.9 -30.456416857534407
-347.55 -30.6273460017558
-347.2 -30.79521243689972
-346.85 -30.95999937646254
-346.5 -31.12169034188763
-346.15000000000003 -31.28026916421319
-345.8 -31.435719985689126
-345.45 -31.58802726136287
-345.09999999999997 -31.737175760633722
-344.75 -31.883150568776067
-344.4 -32.02593708843074
-344.05 -32.16552104106476
-343.7 -32.30188846839918
-343.35 -32.435025733804906
-343.0 -32.56491952366636
-342.65 -32.691556848712814
-342.29999999999995 -32.814925045317246
-341.95 -32.93501177676282
-341.59999999999997 -33.05180503447648
-341.25 -33.16529313922976
-340.90000000000003 -33.275464742306774
-340.55 -33.38230882663902
-340.20000000000005 -33.4858147079071
-339.85 -33.585972035609146
-339.5 -33.68277079409586
-339.15 -33.77620130357203
-338.8 -33.86625422106458
-338.45 -33.95292054135681
-338.1 -34.036191597888916
-337.75 -34.116059063624625
-337.40000000000003 -34.19251495188393
-337.05 -34.26555161714171
-336.7 -34.33516175579233
-336.34999999999997 -34.40133840687989
-336.0 -34.46407495279445
-335.65 -34.52336511993369
-335.3 -34.57920297933032
-334.95 -34.63158294724492
-334.6 -34.68049978572435
-334.25 -34.72594860312553
-333.9 -34.7679248546046
-333.54999999999995 -34.80642434257138
-333.2 -34.84144321710916
-332.84999999999997 -34.872977976359664
-332.5 -34.90102546687324
-332.15000000000003 -34.925582883924235
-331.8 -34.94664777179139
-331.45000000000005 -34.96421802400347
-331.1 -34.978291883549915
-330.75 -34.98886794305647
-330.4 -34.99594514492602
-330.05 -34.99952278144426
-329.7 -34.99960049485053
-329.35 -34.99617827737356
-329.0 -34.989256471232224
-328.65000000000003 -34.97883576860139
-328.3 -34.96491721154263
-327.95 -34.94750219190004
-327.59999999999997 -34.926592451161085
-327.25 -34.902190080282416
-326.9 -34.87429751948078
-326.55 -34.84291755798901
-326.2 -34.80805333377711
-325.85 -34.76970833323845
-325.5 -34.72788639084112
-325.15 -34.682591688744516
-324.79999999999995 -34.6338287563811
-324.45 -34.58160247000348
-324.09999999999997 -34.52591805219676
-323.75 -34.46678107135633
-323.40000000000003 -34.404197441130975
-323.05 -34.338173419831584
-322.70000000000005 -34.26871560980526
-322.35 -34.195830956775126
-322.0 -34.11952674914573
-321.65 -34.03981061727427
-321.3 -33.956690532707505
-320.95 -33.87017480738461
-320.6 -33.78027209280603
-320.25 -33.686991379168305
-319.90000000000003 -33.590341994465064
-319.55 -33.490333603554234
-319.2 -33.386976207191545
-318.84999999999997 -33.280280141030545
-318.5 -33.17025607458891
-318.15 -33.05691501018162
-317.8 -32.940268281820636
-317.45 -32.82032755408161
-317.1 -32.697104820937355
-316.75 -32.570612404558496
-316.4 -32.440862954081254
-316.04999999999995 -32.307869444342586
-315.7 -32.171645174582615
-315.34999999999997 -32.0322037671148
-315.0 -31.889559165963693
-314.65000000000003 -31.743725635470536
-314.3 -31.594717758866846
-313.95000000000005 -31.44255043681611
-313.6 -31.287238885923735
-313.25 -31.128798637215343
-312.9 -30.967245534583846
-312.55 -30.80259573320484
-312.2 -30.634865697921253
-311.85 -30.46407220159685
-311.5 -30.29023232343893
-311.15000000000003 -30.11336344729044
-310.8 -29.933483259891606
-310.45 -29.750609749111234
-310.09999999999997 -29.56476120214808
-309.75 -29.375956203701932
-309.4 -29.18421363411529
-309.05 -28.989552667485338
-308.7 -28.791992769746514
-308.35 -28.591553696723967
-308.0 -28.38825549215796
-307.65 -28.1821184856995
-307.29999999999995 -27.97316329087753
-306.95 -27.761410803037364
-306.59999999999997 -27.546882197251325
-306.25 -27.32959892620122
-305.90000000000003 -27.10958271803308
-305.55 -26.886855574184388
-305.20000000000005 -26.661439767183914
-304.85 -26.433357838424513
-304.5 -26.202632595908955
-304.15 -25.969287111969297
-303.8 -25.733344720959447
-303.45 -25.494829016921884
-303.1 -25.253763851228246
-302.75 -25.010173330194217
-302.40000000000003 -24.764081812668916
-302.05 -24.51551390759901
-301.7 -24.264494471567826
-301.34999999999997 -24.011048606309878
-301.0 -23.755201656200438
-300.65 -23.49697920572131
-300.3 -23.236407076902363
-299.95 -22.973511326739334
-299.6 -22.70831824458816
-299.25 -22.440854349536064
-298.9 -22.171146387749616
-298.54999999999995 -21.89922132980033
-298.2 -21.625106367967362
-297.84999999999997 -21.348828913518453
-297.5 -21.070416593968826
-297.15000000000003 -20.789897250318425
-296.8 -20.507298934267848
-296.45000000000005 -20.222649905413203
-296.1 -19.935978628420166
-295.75 -19.6473137701775
-295.4 -19.356684196930573
-295.05 -19.06411897139447
-294.7 -18.76964734984794
-294.35 -18.47329877920775
-294.0 -18.175102894083995
-293.65000000000003 -17.875089513816707
-293.3 -17.573288639493892
-292.95 -17.269730450951435
-292.59999999999997 -16.964445303755326
-292.25 -16.657463726165837
-291.9 -16.348816416084905
-291.55 -16.03853423798633
-291.2 -15.72664821982936
-290.85 -15.4131895499559
-290.5 -15.09818957397173
-290.15 -14.781679791611888
-289.79999999999995 -14.463691853590964
-289.45 -14.14425755843772
-289.09999999999997 -13.823408849315472
-288.75 -13.501177810827762
-288.40000000000003 -13.177596665809915
-288.05 -12.852697772106781
-287.70000000000005 -12.526513619336981
-287.35 -12.199076825643974
-287.0 -11.870420134434209
-286.65 -11.540576411103041
-286.3 -11.209578639747878
-285.95 -10.877459919870025
-285.6 -10.544253463064706
-285.25 -10.209992589699928
-284.90000000000003 -9.87471072558448
-284.55 -9.538441398625368
-284.2 -9.201218235475013
-283.84999999999997 -8.863074958168824
-283.5 -8.524045380752689
-283.15 -8.184163405901828
-282.8 -7.843463021530488
-282.45 -7.501978297393195
-282.1 -7.159743381677789
-281.75 -6.816792497590647
-281.4 -6.4731599399343285
-281.04999999999995 -6.128880071678358
-280.7 -5.783987320522604
-280.34999999999997 -5.438516175454771
-280.0 -5.092501183301474
-279.65000000000003 -4.745976945273583
-279.3 -4.398978113506133
-278.95 -4.051539387593104
-278.6 -3.703695511117618
-278.25 -3.3554812681774235
-277.90000000000003 -3.006931479906636
-277.55 -2.6580810009935947
-277.2 -2.3089647161955456
-276.85 -1.9596175368500073
-276.5 -1.6100743973837932
-276.15 -1.260370251819534
-275.8 -0.9105400702804289
-275.45 -0.5606188354930766
-275.1 -0.21064153928935592
-274.75 0.13935682089279086
-274.4 0.48934124550894753
-274.05 0.8392767364083363
-273.7 1.1891283003334794
-273.34999999999997 1.538860952419557
-273.0 1.8884397196927412
-272.65 2.237829644567651
-272.3 2.5869957883429557
-271.95 2.93590323469528
-271.59999999999997 3.284517093170681
-271.25 3.632802502673854
-270.90000000000003 3.980724634954085
-270.55 4.328248698088079
-270.2 4.675339939959158
-269.85 5.021963651732314
-269.5 5.368085171325252
-269.15000000000003 5.713669886874448
-268.8 6.058683240196361
-268.45 6.403090730243111
-268.1 6.746857916552727
-267.75 7.089950422693052
-267.4 7.432333939699409
-267.05 7.773974229505358
-266.7 8.114837128366645
-266.35 8.454888550277438
-266.0 8.79409449037895
-265.65 9.132421028359783
-265.3 9.469834331848105
-264.95 9.806300659794742
-264.59999999999997 10.141786365847322
-264.25 10.476257901714748
-263.9 10.809681820522187
-263.55 11.142024780155612
-263.2 11.473253546596043
-262.84999999999997 11.803334997242795
-262.5 12.132236124225903
-262.15000000000003 12.459924037706752
-261.8 12.786365969167067
-261.45 13.111529274685761
-261.1 13.435381438203198
-260.75 13.757890074772927
-260.40000000000003 14.079022933800049
-260.05 14.398747902266301
-259.7 14.717033007941213
-259.35 15.033846422579485
-259.0 15.349156465103663
-258.65 15.662931604772277
-258.3 15.975140464332789
-257.95 16.285751823159437
-257.6 16.594734620375185
-257.25 16.902057957957823
-256.9 17.20769110382964
-256.55 17.511603494930768
-256.2 17.813764740275357
-255.85 18.1141446239907
-255.5 18.412713108338686
-255.15 18.709440336719716
-254.8 19.004296636658225
-254.45 19.297252522769952
-254.1 19.588278699710365
-253.75 19.87734606510432
-253.4 20.164425712456165
-253.05 20.449488934040396
-252.7 20.73250722377243
-252.35 21.0134522800591
-252.0 21.29229600862891
-251.65 21.56901052534138
-251.29999999999998 21.843568158975454
-250.95 22.11594145399652
-250.6 22.386103173302075
-250.25 22.654026300945326
-249.89999999999998 22.919684044836796
-249.54999999999998 23.183049839423433
-249.20000000000002 23.444097348345274
-248.85000000000002 23.70280046706896
-248.5 23.959133325498232
-248.15 24.213070290560808
-247.8 24.464585968771818
-247.45000000000002 24.713655208773037
-247.1 24.96025310384805
-246.75 25.204354994412796
-246.4 25.445936470481655
-246.05 25.68497337410835
-245.7 25.921441801801723
-245.35 26.155318106916027
-245.0 26.38657890201566
-244.65 26.61520106121384
-244.3 26.841161722485154
-243.95 27.064438289951806
-243.6 27.285008436143062
-243.25 27.502850104228138
-242.9 27.717941510221753
-242.54999999999998 27.930261145162575
-242.2 28.139787777264
-241.85 28.346500454037447
-241.5 28.55037850438749
-241.14999999999998 28.75140154067902
-240.79999999999998 28.949549460775884
-240.45000000000002 29.144802450051213
-240.10000000000002 29.33714098336879
-239.75 29.526545827035587
-239.4 29.712998040725036
-239.05 29.896478979371157
-238.70000000000002 30.076970295032996
-238.35 30.254453938729405
-238.0 30.428912162243886
-237.65 30.600327519899484
-237.3 30.76868287030328
-236.95 30.93396137806054
-236.6 31.0961465154582
-236.25 31.255222064117685
-235.9 31.411172116616683
-235.55 31.563981078079916
-235.2 31.713633667738577
-234.85 31.860114920458397
-234.5 32.00341018823618
-234.15 32.143505141664555
-233.79999999999998 32.28038577136494
-233.45 32.41403838938841
-233.1 32.54444963058455
-232.75 32.67160645393791
-232.39999999999998 32.79549614387214
-232.04999999999998 32.91610631152147
-231.70000000000002 33.03342489596963
-231.35000000000002 33.14744016545596
-231.0 33.25814071854854
-230.65 33.36551548528426
-230.3 33.469553728275976
-229.95000000000002 33.57024504378605
-229.6 33.66757936276688
-229.25 33.76154695186763
-228.9 33.85213841440773
-228.55 33.939344691316414
-228.2 34.02315706203867
-227.85 34.10356714540724
-227.5 34.18056690048082
-227.15 34.254148627348066
-226.8 34.3243049678976
-226.45 34.39102890655384
-226.1 34.45431377097852
-225.75 34.51415323273794
-225.4 34.57054130793578
-225.04999999999998 34.623472357811515
-224.7 34.67294108930426
-224.35 34.7189425555821
-224.0 34.76147215653674
-223.64999999999998 34.800525639243524
-223.29999999999998 34.836099098386725
-222.95000000000002 34.868188976650075
-222.60000000000002 34.89679206507248
-222.25 34.92190550336894
-221.9 34.94352678021656
-221.55 34.96165373350566
-221.20000000000002 34.97628455055604
-220.85 34.98741776829816
-220.5 34.99505227341953
-220.15 34.99918730247601
-219.8 34.999822441968135
-219.45 34.99695762838248
-219.1 34.99059314819802
-218.75 34.98072963785748
-218.4 34.96736808370366
-218.05 34.95050982188084
-217.7 34.93015653820117
-217.35 34.90631026797604
-217.0 34.878973395812615
-216.65 34.84814865537532
-216.29999999999998 34.8138391291125
-215.95 34.776048247948225
-215.6 34.734779790939086
-215.25 34.69003788489641
-214.89999999999998 34.64182700397351
-214.54999999999998 34.59015196921831
-214.20000000000002 34.53501794809122
-213.85000000000002 34.47643045394841
-213.5 34.414395345490455
-213.15 34.34891882617653
-212.8 34.280007443603985
-212.45000000000002 34.207668088853666
-212.1 34.131907995800745
-211.75 34.05273474039141
-211.4 33.97015623988522
-211.05 33.884180752063415
-210.7 33.79481687440312
-210.35 33.702073543217644
-210.0 33.605960032762816
-209.65 33.506485954309575
-209.3 33.40366125518289
-208.95 33.29749621776697
-208.6 33.1880014584771
-208.25 33.075187926697964
-207.9 32.959066903688715
-207.54999999999998 32.839650001454885
-207.2 32.716949161587216
-206.85 32.590976654067404
-206.5 32.461745076041254
-206.14999999999998 32.32926735055885
-205.79999999999998 32.19355672528237
-205.45000000000002 32.05462677116123
-205.10000000000002 31.912491381075082
-204.75 31.767164768444463
-204.4 31.61866146580956
-204.05 31.466996323376875
-203.70000000000002 31.312184507534262
-203.35 31.154241499334283
-203.0 30.99318309294616
-202.65 30.829025394076314
-202.3 30.66178481835783
-201.95 30.491478089708895
-201.6 30.31812223866049
-201.25 30.14173460065323
-200.9 29.962332814303934
-200.55 29.77993481964174
-200.2 29.59455885631409
-199.85 29.406223461762877
-199.5 29.214947469370593
-199.15 29.020750006577078
-198.79999999999998 28.82365049296677
-198.45 28.623668638326805
-198.1 28.420824440675993
-197.75 28.21513818426505
-197.39999999999998 28.006630437548196
-197.04999999999998 27.795322051126394
-196.70000000000002 27.581234155662166
-196.35000000000002 27.364388159766662
-196.0 27.144805747858737
-195.65 26.922508877996638
-195.3 26.697519779682096
-194.95000000000002 26.469860951637443
-194.6 26.23955515955575
-194.25 26.006625433824347
-193.9 25.771095067221673
-193.55 25.53298761258812
-193.2 25.292326880470707
-192.85 25.049136936742133
-192.5 24.8034421001941
-192.15 24.55526694010551
-191.8 24.30463627378557
-191.45 24.05157516409202
-191.1 23.796108916924997
-190.75 23.538263078696307
-190.4 23.2780634337749
-190.04999999999998 23.015536001908412
-189.7 22.75070703562131
-189.35 22.483603017589505
-189.0 22.214250657992213
-188.64999999999998 21.94267689184091
-188.29999999999998 21.668908876285954
-187.95000000000002 21.39297398790073
-187.60000000000002 21.11489981994414
-187.25 20.834714179601214
-186.9 20.55244508520256
-186.55 20.268120763422367
-186.20000000000002 19.981769646455874
-185.85 19.693420369176135
-185.5 19.403101766270627
-185.15 19.11084286935769
-184.8 18.81667290408347
-184.45 18.520621287199322
-184.1 18.22271762362028
-183.75 17.922991703464426
-183.4 17.621473499073996
-183.05 17.318193162018176
-182.7 17.013181020077905
-182.35 16.70646757421326
-182.0 16.398083495513198
-181.65 16.088059622128615
-181.29999999999998 15.776426956188457
-180.95 15.463216660699691
-180.6 15.148460056430823
-180.25 14.832188618779988
-179.89999999999998 14.514433974627362
-179.54999999999998 14.195227899172625
-179.20000000000002 13.874602312757286
-178.85000000000002 13.552589277672803
-178.5 13.229220994954309
-178.15 12.904529801160662
-177.8 12.57854816514064
-177.45000000000002 12.25130868478619
-177.1 11.922844083772624
-176.75 11.593187208286379
-176.4 11.262371023740263
-176.05 10.930428611477053
-175.7 10.597393165461323
-175.35 10.26329798896021
-175.0 9.928176491212918
-174.65 9.59206218408996
-174.3 9.254988678741952
-173.95 8.916989682238503
-173.6 8.57809899419766
-173.25 8.23835050340579
-172.9 7.89777818442885
-172.54999999999998 7.556416094214895
-172.2 7.214298368688542
-171.85 6.871459219337216
-171.5 6.527932929790151
-171.14999999999998 6.183753852390004
-170.79999999999998 5.838956404757759
-170.45000000000002 5.49357506635082
-170.10000000000002 5.147644375015209
-169.75 4.801198923531755
-169.4 4.454273356156966
-169.05 4.106902365158441
-168.70000000000002 3.759120687345809
-168.35 3.4109631005970007
-168.0 3.062464420380624
-167.65 2.713659496274254
-167.3 2.364583208479632
-166.95 2.015270464334611
-166.6 1.6657561948225736
-166.25 1.3160753510791794
-165.9 0.9662629008974032
-165.55 0.6163538252307538
-165.2 0.26638311469517656
-164.85 -0.08361423392985386
-164.5 -0.4336032212011696
-164.15 -0.7835488485117
-163.79999999999998 -1.1334161215903655
-163.45 -1.4831700540013513
-163.1 -1.8327756706429077
-162.75 -2.182198011244708
-162.39999999999998 -2.531402133863907
-162.04999999999998 -2.8803531183791833
-161.70000000000002 -3.229016069982908
-161.35000000000002 -3.577356122670472
-161.0 -3.9253384427269205
-160.65 -4.27292823221017
-160.3 -4.620090732430959
-159.95000000000002 -4.966791227428568
-159.6 -5.3129950474424446
-159.25 -5.658667572379028
-158.9 -6.003774235273912
-158.55 -6.3482805257483985
-158.2 -6.6921519934605564
-157.85 -7.035354251550113
-157.5 -7.377852980077289
-157.15 -7.719613929454649
-156.8 -8.060602923872054
-156.45 -8.400785864714248
-156.1 -8.74012873397057
-155.75 -9.078597597636914
-155.4 -9.416158609108965
-155.04999999999998 -9.75277801256691
-154.7 -10.088422146350856
-154.35 -10.423057446327157
-154.0 -10.756650449244678
-153.64999999999998 -11.089167796081147
-153.29999999999998 -11.420576235378922
-152.95000000000002 -11.750842626570277
-152.60000000000002 -12.079933943291309
-152.25 -12.407817276684618
-151.9 -12.734459838690045
-151.55 -13.059828965323616
-151.20000000000002 -13.383892119943809
-150.85 -13.706616896505244
-150.5 -14.027971022799141
-150.15 -14.347922363680695
-149.8 -14.666438924282446
-149.45 -14.983488853213785
-149.1 -15.299040445745975
-148.75 -15.613062146982749
-148.4 -15.925522555015664
-148.05 -16.236390424064304
-147.7 -16.545634667600844
-147.35 -16.853224361458583
-147.0 -17.15912874692448
-146.65 -17.463317233814912
-146.29999999999998 -17.765759403534705
-145.95 -18.066425012118867
-145.6 -18.365283993257123
-145.25 -18.662306461300403
-144.89999999999998 -18.957462714249452
-144.54999999999998 -19.25072323672488
-144.20000000000002 -19.54205870291885
-143.85000000000002 -19.83143997952753
-143.5 -20.11883812866442
-143.15 -20.40422441075407
-142.8 -20.687570287406096
-142.45000000000002 -20.968847424268976
-142.1 -21.24802769386343
-141.75 -21.525083178395104
-141.4 -21.79998617254645
-141.05 -22.072709186247135
-140.7 -22.34322494742308
-140.35 -22.611506404723556
-140.0 -22.877526730226418
-139.65 -23.1412593221208
-139.3 -23.402677807367294
-138.95000000000002 -23.66175604433521
-138.6 -23.91846812541677
-138.25 -24.172788379617764
-137.9 -24.42469137512473
-137.55 -24.674151921848022
-137.2 -24.921145073940856
-136.85 -25.165646132293837
-136.5 -25.407630647004908
-136.15 -25.647074419824218
-135.79999999999998 -25.88395350657405
-135.45000000000002 -26.1182442195431
-135.1 -26.349923129855338
-134.75 -26.578967069812776
-134.4 -26.805353135212307
-134.05 -27.02905868763603
-133.7 -27.25006135671514
-133.35 -27.468339042366875
-133.0 -27.68386991700459
-132.65 -27.89663242772041
-132.29999999999998 -28.10660529844058
-131.95 -28.313767532052992
-131.6 -28.518098412506937
-131.25 -28.719577506884626
-130.9 -28.918184667444525
-130.55 -29.1139000336361
-130.20000000000002 -29.3067040340858
-129.85 -29.49657738855427
-129.5 -29.68350110986428
-129.15 -29.86745650579948
-128.8 -30.04842518097356
-128.45 -30.226389038669815
-128.1 -30.40133028265077
-127.75 -30.573231418937826
-127.4 -30.74207525756059
-127.05 -30.907844914275913
-126.7 -31.07052381225625
-126.35 -31.230095683747393
-126.0 -31.386544571695143
-125.64999999999999 -31.5398548313411
-125.3 -31.69001113178704
-124.94999999999999 -31.836998457528058
-124.60000000000001 -31.980802109954066
-124.25 -32.12140770881966
-123.9 -32.25880119368212
-123.55 -32.392968825307456
-123.2 -32.52389718704431
-122.85 -32.65157318616563
-122.5 -32.77598405517787
-122.15 -32.897117353097826
-121.8 -33.014960966696655
-121.45 -33.12950311171118
-121.1 -33.24073233402237
-120.75 -33.348637510800664
-120.39999999999999 -33.45320785161832
-120.05000000000001 -33.5544328995284
-119.7 -33.65230253211046
-119.35000000000001 -33.7468069624828
-119.0 -33.83793674028114
-118.65 -33.92568275260363
-118.3 -34.010036224922175
-117.95 -34.090988721959825
-117.6 -34.16853214853435
-117.25 -34.242658750367696
-116.89999999999999 -34.31336111486146
-116.55 -34.38063217183811
-116.19999999999999 -34.44446519424801
-115.85000000000001 -34.504853798842106
-115.5 -34.561791946810274
-115.15 -34.61527394438515
-114.8 -34.66529444341156
-114.45 -34.71184844188127
-114.1 -34.75493128443325
-113.75 -34.79453866281912
-113.4 -34.830666616334064
-113.05 -34.86331153221283
-112.7 -34.89247014599104
-112.35 -34.918139541831614
-112.0 -34.94031715281636
-111.64999999999999 -34.95900076120265
-111.30000000000001 -34.97418849864523
-110.95 -34.985878846383
-110.60000000000001 -34.99407063539094
-110.25 -34.99876304649697
-109.9 -34.999955610463886
-109.55 -34.99764820803629
-109.2 -34.99184106995249
-108.85 -34.982534776921476
-108.5 -34.969730259564784
-108.14999999999999 -34.95342879832347
-107.8 -34.9336320233301
-107.44999999999999 -34.91034191424565
-107.10000000000001 -34.88356080006163
-106.75 -34.85329135886714
-106.4 -34.81953661758108
-106.05 -34.78229995164945
-105.7 -34.7415850847078
-105.35 -34.697396088208905
-105.0 -34.64973738101559
-104.65 -34.59861372895886
-104.3 -34.544030244361316
-103.95 -34.48599238552593
-103.6 -34.424505956190224
-103.25 -34.35957710494589
-102.89999999999999 -34.29121232462395
-102.55000000000001 -34.21941845164547
-102.2 -34.14420266533789
-101.85000000000001 -34.0655724872172
-101.5 -33.98353578023567
-101.15 -33.89810074799563
-100.8 -33.809275933929115
-100.45 -33.71707022044352
-100.1 -33.621492828033325
-99.75 -33.52255331435816
-99.39999999999999 -33.42026157328692
-99.05 -33.31462783390848
-98.69999999999999 -33.20566265950875
-98.35000000000001 -33.093376946514354
-98.0 -32.97778192340303
-97.65 -32.85888914958077
-97.3 -32.736710514225855
-96.95 -32.611258235100024
-96.6 -32.48254485732664
-96.25 -32.350583252136225
-95.9 -32.21538661557932
-95.55 -32.076968467206925
-95.2 -31.93534264871853
-94.85 -31.790523322577954
-94.5 -31.642524970597144
-94.14999999999999 -31.491362392487947
-93.80000000000001 -31.33705070438222
-93.45 -31.179605337320176
-93.10000000000001 -31.019042035707322
-92.75 -30.855376855740005
-92.4 -30.688626163799853
-92.05 -30.51880663481708
-91.7 -30.345935250603084
-91.35 -30.170029298152222
-91.0 -29.991106367913154
-90.64999999999999 -29.809184352029792
-90.3 -29.624281442552146
-89.94999999999999 -29.43641612961705
-89.60000000000001 -29.24560719959927
-89.25 -29.05187373323277
-88.9 -28.85523510370278
-88.55 -28.655710974708356
-88.2 -28.45332129849615
-87.85 -28.24808631386511
-87.5 -28.04002654414268
-87.15 -27.82916279513245
-86.8 -27.61551615303359
-86.45 -27.399107982332286
-86.1 -27.17995992366526
-85.75 -26.95809389165576
-85.39999999999999 -26.73353207272209
-85.05000000000001 -26.506296922859033
-84.7 -26.276411165392183
-84.35000000000001 -26.04389778870574
-84.0 -25.80878004394359
-83.65 -25.571081442684306
-83.3 -25.3308257545899
-82.95 -25.088037005029
-82.6 -24.842739472674218
-82.25 -24.594957687074384
-81.89999999999999 -24.34471642620157
-81.55 -24.092040713973343
-81.19999999999999 -23.836955817750336
-80.85000000000001 -23.57948724580963
-80.5 -23.31966074479384
-80.15 -23.057502297136573
-79.8 -22.793038118464096
-79.45 -22.52629465497392
-79.1 -22.257298580790085
-78.75 -21.98607679529587
-78.4 -21.712656420443793
-78.05 -21.43706479804348
-77.7 -21.159329487027538
-77.35 -20.879478260695596
-77.0 -20.597539103937102
-76.64999999999999 -20.313540210432762
-76.30000000000001 -20.02750997983529
-75.95 -19.739477014929353
-75.60000000000001 -19.449470118771444
-75.25 -19.157518291809485
-74.9 -18.863650728982904
-74.55 -18.567896816803067
-74.2 -18.270286130414757
-73.85 -17.97084843063858
-73.5 -17.669613660995015
-73.14999999999999 -17.36661194470996
-72.8 -17.061873581702578
-72.44999999999999 -16.755429045555193
-72.10000000000001 -16.447308980466076
-71.75 -16.137544198184948
-71.4 -15.826165674931918
-71.05 -15.513204548299813
-70.7 -15.198692114140517
-70.35 -14.882659823435327
-70.0 -14.565139279149983
-69.65 -14.246162233074292
-69.3 -13.92576058264706
-68.95 -13.60396636776632
-68.6 -13.280811767585408
-68.25 -12.95632909729504
-67.89999999999999 -12.63055080489185
-67.55 -12.303509467933594
-67.2 -11.975237790281437
-66.85 -11.64576859882958
-66.5 -11.315134840222617
-66.14999999999999 -10.983369577560879
-65.8 -10.650505987094162
-65.45 -10.316577354904135
-65.10000000000001 -9.98161707357573
-64.75 -9.645658638857952
-64.4 -9.308735646314313
-64.05 -8.970881787963295
-63.7 -8.632130848909192
-63.35 -8.292516703963614
-63.0 -7.952073314258048
-62.65 -7.610834723847763
-62.300000000000004 -7.2688350563074335
-61.95 -6.926108511318815
-61.6 -6.582689361250804
-61.25 -6.238611947732223
-60.9 -5.893910678217695
-60.55 -5.548620022546921
-60.199999999999996 -5.202774509497727
-59.85 -4.856408723333214
-59.5 -4.509557300343363
-59.15 -4.162254925381428
-58.8 -3.814536328395489
-58.449999999999996 -3.4664362809554805
-58.099999999999994 -3.117989592776064
-57.75 -2.7692311082356853
-57.4 -2.420195702892168
-57.05 -2.070918279995185
-56.7 -1.7214337669959694
-56.35 -1.3717771120545699
-56.0 -1.0219832805451086
-55.650000000000006 -0.6720872515592428
-55.300000000000004 -0.3221240144082918
-54.95 0.02787143487566422
-54.6 0.3778640970393587
-54.25 0.727818973108235
-53.9 1.0777010678863141
-53.550000000000004 1.4274753934556863
-53.2 1.7771069726752713
-52.85 2.1265608426785065
-52.5 2.475802058369602
-52.15 2.824795695918022
-51.8 3.173506856250839
-51.449999999999996 3.5219006685426106
-51.1 3.8699422937024357
-50.75 4.217596927857832
-50.4 4.564829805835094
-50.05 4.911606204635786
-49.699999999999996 5.257891446909005
-49.349999999999994 5.603650904419094
-49.0 5.948850001508436
-48.65 6.293454218554985
-48.3 6.637429095424206
-47.95 6.98074023491505
-47.6 7.3233533061996745
-47.25 7.665234048256452
-46.900000000000006 8.006348273296078
-46.550000000000004 8.34666187018031
-46.2 8.686140807833052
-45.85 9.024751138643435
-45.5 9.362459001860557
-45.15 9.699230626979515
-44.800000000000004 10.035032337118443
-44.45 10.369830552386157
-44.1 10.703591793240127
-43.75 11.036282683834404
-43.4 11.367869955357168
-43.05 11.698320449357592
-42.699999999999996 12.027601121061647
-42.35 12.355679042676563
-42.0 12.682521406683577
-41.65 13.008095529118654
-41.3 13.332368852840865
-40.949999999999996 13.65530895078806
-40.599999999999994 13.976883529219561
-40.25 14.297060430945509
-39.9 14.615807638542536
-39.55 14.933093277555509
-39.2 15.248885619684923
-38.85 15.563153085959737
-38.5 15.875864249895207
-38.150000000000006 16.186987840635528
-37.800000000000004 16.4964927460809
-37.45 16.80434801599869
-37.1 17.11052286511846
-36.75 17.414986676210443
-36.4 17.717709003147245
-36.050000000000004 18.018659573948437
-35.7 18.317808293807733
-35.35 18.61512524810244
-35.0 18.91058070538489
-34.65 19.204145120355562
-34.3 19.495789136817606
-33.949999999999996 19.7854835906124
-33.6 20.073199512535986
-33.25 20.35890813123592
-32.9 20.64258087608844
-32.550000000000004 20.924189380055438
-32.2 21.203705482521197
-31.85 21.481101232108404
-31.5 21.756348889473255
-31.150000000000002 22.02942093007939
-30.8 22.30029004695031
-30.45 22.568929153400042
-30.099999999999998 22.835311385741818
-29.75 23.09941010597438
-29.4 23.361198904445786
-29.049999999999997 23.620651602494352
-28.7 23.877742255066476
-28.35 24.132445153311142
-28.0 24.384734827150787
-27.650000000000002 24.63458604782826
-27.3 24.881973830429704
-26.95 25.126873436383015
-26.6 25.36926037593168
-26.25 25.60911041058373
-25.9 25.846399555535577
-25.55 26.081104082070464
-25.2 26.31320051993133
-24.849999999999998 26.542665659667787
-24.5 26.769476554957098
-24.15 26.993610524898735
-23.8 27.21504515628248
-23.450000000000003 27.433758305829723
-23.1 27.649728102407778
-22.75 27.862932949216955
-22.400000000000002 28.073351525950244
-22.05 28.280962790925315
-21.7 28.485745983188686
-21.349999999999998 28.68768062459178
-21.0 28.88674652183874
-20.65 29.082923768505726
-20.299999999999997 29.276192747031544
-19.95 29.46653413067941
-19.6 29.653928885469565
-19.25 29.8383582720827
-18.900000000000002 30.019803847733847
-18.55 30.198247468016636
-18.2 30.373671288717745
-17.85 30.546057767601294
-17.5 30.71538966616305
-17.15 30.88165005135425
-16.8 31.044822297274944
-16.45 31.204890086836514
-16.1 31.36183741339338
-15.75 31.51564858234369
-15.4 31.666308212698716
-15.049999999999999 31.81380123862098
-14.7 31.95811291093079
-14.35 32.09922879858118
-14.0 32.23713479010098
-13.65 32.37181709500596
-13.3 32.50326224517786
-12.95 32.63145709621121
-12.6 32.756388828727715
-12.25 32.87804494965826
-11.9 32.99641329349212
-11.55 33.111482023493544
-11.200000000000001 33.22323963288543
-10.85 33.33167494599997
-10.5 33.43677711939621
-10.149999999999999 33.5385356429444
-9.8 33.63694034087698
-9.450000000000001 33.73198137280617
-9.1 33.823649234707965
-8.75 33.911934759872565
-8.4 33.99682911982104
-8.05 34.07832382518812
-7.7 34.156410726571195
-7.35 34.23108201534519
-7.0 34.30233022444346
-6.65 34.37014822910446
-6.3 34.43452924758425
-5.95 34.49546684183463
-5.6000000000000005 34.552954918146945
-5.25 34.60698772776148
-4.9 34.6575598674423
-4.55 34.704666280017584
-4.2 34.74830225488532
-3.85 34.78846342848439
-3.5 34.82514578473091
-3.15 34.8583456554198
-2.8000000000000003 34.88805972059168
-2.45 34.91428500886479
-2.1 34.937018897732145
-1.75 34.95625911382382
-1.4000000000000001 34.97200373313423
-1.05 34.98425118121457
-0.7000000000000001 34.99300023333022
-0.35000000000000003 34.998250014583284
0.0 35.0
0.35000000000000003 34.998250014583284
0.7000000000000001 34.99300023333022
1.05 34.98425118121457
1.4000000000000001 34.97200373313423
1.75 34.95625911382382
2.1 34.937018897732145
2.45 34.91428500886479
2.8000000000000003 34.88805972059168
3.15 34.8583456554198
3.5 34.82514578473091
3.85 34.78846342848439
4.2 34.74830225488532
4.55 34.704666280017584
4.9 34.6575598674423
5.25 34.60698772776148
5.6000000000000005 34.552954918146945
5.95 34.49546684183463
6.3 34.43452924758425
6.65 34.37014822910446
7.0 34.30233022444346
7.35 34.23108201534519
7.7 34.156410726571195
8.05 34.07832382518812
8.4 33.99682911982104
8.75 33.911934759872565
9.1 33.823649234707965
9.450000000000001 33.73198137280617
9.8 33.63694034087698
10.149999999999999 33.5385356429444
10.5 33.43677711939621
10.85 33.33167494599997
11.200000000000001 33.22323963288543
11.55 33.111482023493544
11.9 32.99641329349212
12.25 32.87804494965826
12.6 32.756388828727715
12.95 32.63145709621121
13.3 32.50326224517786
13.65 32.37181709500596
14.0 32.23713479010098
14.35 32.09922879858118
14.7 31.95811291093079
15.049999999999999 31.81380123862098
15.4 31.666308212698716
15.75 31.51564858234369
16.1 31.36183741339338
16.45 31.204890086836514
16.8 31.044822297274944
17.15 30.88165005135425
17.5 30.71538966616305
17.85 30.546057767601294
18.2 30.373671288717745
18.55 30.198247468016636
18.900000000000002 30.019803847733847
19.25 29.8383582720827
19.6 29.653928885469565
19.95 29.46653413067941
20.299999999999997 29.276192747031544
20.65 29.082923768505726
21.0 28.88674652183874
21.349999999999998 28.68768062459178
21.7 28.485745983188686
22.05 28.280962790925315
22.400000000000002 28.073351525950244
22.75 27.862932949216955
23.1 27.649728102407778
23.450000000000003 27.433758305829723
23.8 27.21504515628248
24.15 26.993610524898735
24.5 26.769476554957098
24.849999999999998 26.542665659667787
25.2 26.31320051993133
25.55 26.081104082070464
25.9 25.846399555535577
26.25 25.60911041058373
26.6 25.36926037593168
26.95 25.126873436383015
27.3 24.881973830429704
27.650000000000002 24.63458604782826
28.0 24.384734827150787
28.35 24.132445153311142
28.7 23.877742255066476
29.049999999999997 23.620651602494352
29.4 23.361198904445786
29.75 23.09941010597438
30.099999999999998 22.835311385741818
30.45 22.568929153400042
30.8 22.30029004695031
31.150000000000002 22.02942093007939
31.5 21.756348889473255
31.85 21.481101232108404
32.2 21.203705482521197
32.550000000000004 20.924189380055438
32.9 20.64258087608844
33.25 20.35890813123592
33.6 20.073199512535986
33.949999999999996 19.7854835906124
34.3 19.495789136817606
34.65 19.204145120355562
35.0 18.91058070538489
35.35 18.61512524810244
35.7 18.317808293807733
36.050000000000004 18.018659573948437
36.4 17.717709003147245
36.75 17.414986676210443
37.1 17.11052286511846
37.45 16.80434801599869
37.800000000000004 16.4964927460809
38.150000000000006 16.186987840635528
38.5 15.875864249895207
38.85 15.563153085959737
39.2 15.248885619684923
39.55 14.933093277555509
39.9 14.615807638542536
40.25 14.297060430945509
40.599999999999994 13.976883529219561
40.949999999999996 13.65530895078806
41.3 13.332368852840865
41.65 13.008095529118654
42.0 12.682521406683577
42.35 12.355679042676563
42.699999999999996 12.027601121061647
43.05 11.698320449357592
43.4 11.367869955357168
43.75 11.036282683834404
44.1 10.703591793240127
44.45 10.369830552386157
44.800000000000004 10.035032337118443
45.15 9.699230626979515
45.5 9.362459001860557
45.85 9.024751138643435
46.2 8.686140807833052
46.550000000000004 8.34666187018031
46.900000000000006 8.006348273296078
47.25 7.665234048256452
47.6 7.3233533061996745
47.95 6.98074023491505
48.3 6.637429095424206
48.65 6.293454218554985
49.0 5.948850001508436
49.349999999999994 5.603650904419094
49.699999999999996 5.257891446909005
50.05 4.911606204635786
50.4 4.564829805835094
50.75 4.217596927857832
51.1 3.8699422937024357
51.449999999999996 3.5219006685426106
51.8 3.173506856250839
52.15 2.824795695918022
52.5 2.475802058369602
52.85 2.1265608426785065
53.2 1.7771069726752713
53.550000000000004 1.4274753934556863
53.9 1.0777010678863141
54.25 0.727818973108235
54.6 0.3778640970393587
54.95 0.02787143487566422
55.300000000000004 -0.3221240144082918
55.650000000000006 -0.6720872515592428
56.0 -1.0219832805451086
56.35 -1.3717771120545699
56.7 -1.7214337669959694
57.05 -2.070918279995185
57.4 -2.420195702892168
57.75 -2.7692311082356853
58.099999999999994 -3.117989592776064
58.449999999999996 -3.4664362809554805
58.8 -3.814536328395489
59.15 -4.162254925381428
59.5 -4.509557300343363
59.85 -4.856408723333214
60.199999999999996 -5.202774509497727
60.55 -5.548620022546921
60.9 -5.893910678217695
61.25 -6.238611947732223
61.6 -6.582689361250804
61.95 -6.926108511318815
62.300000000000004 -7.2688350563074335
62.65 -7.610834723847763
63.0 -7.952073314258048
63.35 -8.292516703963614
63.7 -8.632130848909192
64.05 -8.970881787963295
64.4 -9.308735646314313
64.75 -9.645658638857952
65.10000000000001 -9.98161707357573
65.45 -10.316577354904135
65.8 -10.650505987094162
66.14999999999999 -10.983369577560879
66.5 -11.315134840222617
66.85 -11.64576859882958
67.2 -11.975237790281437
67.55 -12.303509467933594
67.89999999999999 -12.63055080489185
68.25 -12.95632909729504
68.6 -13.280811767585408
68.95 -13.60396636776632
69.3 -13.92576058264706
69.65 -14.246162233074292
70.0 -14.565139279149983
70.35 -14.882659823435327
70.7 -15.198692114140517
71.05 -15.513204548299813
71.4 -15.826165674931918
71.75 -16.137544198184948
72.10000000000001 -16.447308980466076
72.44999999999999 -16.755429045555193
72.8 -17.061873581702578
73.14999999999999 -17.36661194470996
73.5 -17.669613660995015
73.85 -17.97084843063858
74.2 -18.270286130414757
74.55 -18.567896816803067
74.9 -18.863650728982904
75.25 -19.157518291809485
75.60000000000001 -19.449470118771444
75.95 -19.739477014929353
76.30000000000001 -20.02750997983529
76.64999999999999 -20.313540210432762
77.0 -20.597539103937102
77.35 -20.879478260695596
77.7 -21.159329487027538
78.05 -21.43706479804348
78.4 -21.712656420443793
78.75 -21.98607679529587
79.1 -22.257298580790085
79.45 -22.52629465497392
79.8 -22.793038118464096
80.15 -23.057502297136573
80.5 -23.31966074479384
80.85000000000001 -23.57948724580963
81.19999999999999 -23.836955817750336
81.55 -24.092040713973343
81.89999999999999 -24.34471642620157
82.25 -24.594957687074384
82.6 -24.842739472674218
82.95 -25.088037005029
83.3 -25.3308257545899
83.65 -25.571081442684306
84.0 -25.80878004394359
84.35000000000001 -26.04389778870574
84.7 -26.276411165392183
85.05000000000001 -26.506296922859033
85.39999999999999 -26.73353207272209
85.75 -26.95809389165576
86.1 -27.17995992366526
86.45 -27.399107982332286
86.8 -27.61551615303359
87.15 -27.82916279513245
87.5 -28.04002654414268
87.85 -28.24808631386511
88.2 -28.45332129849615
88.55 -28.655710974708356
88.9 -28.85523510370278
89.25 -29.05187373323277
89.60000000000001 -29.24560719959927
89.94999999999999 -29.43641612961705
90.3 -29.624281442552146
90.64999999999999 -29.809184352029792
91.0 -29.991106367913154
91.35 -30.170029298152222
91.7 -30.345935250603084
92.05 -30.51880663481708
92.4 -30.688626163799853
92.75 -30.855376855740005
93.10000000000001 -31.019042035707322
93.45 -31.179605337320176
93.80000000000001 -31.33705070438222
94.14999999999999 -31.491362392487947
94.5 -31.642524970597144
94.85 -31.790523322577954
95.2 -31.93534264871853
95.55 -32.076968467206925
95.9 -32.21538661557932
96.25 -32.350583252136225
96.6 -32.48254485732664
96.95 -32.611258235100024
97.3 -32.736710514225855
97.65 -32.85888914958077
98.0 -32.97778192340303
98.35000000000001 -33.093376946514354
98.69999999999999 -33.20566265950875
99.05 -33.31462783390848
99.39999999999999 -33.42026157328692
99.75 -33.52255331435816
100.1 -33.621492828033325
100.45 -33.71707022044352
100.8 -33.809275933929115
101.15 -33.89810074799563
101.5 -33.98353578023567
101.85000000000001 -34.0655724872172
102.2 -34.14420266533789
102.55000000000001 -34.21941845164547
102.89999999999999 -34.29121232462395
103.25 -34.35957710494589
103.6 -34.424505956190224
103.95 -34.48599238552593
104.3 -34.544030244361316
104.65 -34.59861372895886
105.0 -34.64973738101559
105.35 -34.697396088208905
105.7 -34.7415850847078
106.05 -34.78229995164945
106.4 -34.81953661758108
106.75 -34.85329135886714
107.10000000000001 -34.88356080006163
107.44999999999999 -34.91034191424565
107.8 -34.9336320233301
108.14999999999999 -34.95342879832347
108.5 -34.969730259564784
108.85 -34.982534776921476
109.2 -34.99184106995249
109.55 -34.99764820803629
109.9 -34.999955610463886
110.25 -34.99876304649697
110.60000000000001 -34.99407063539094
110.95 -34.985878846383
111.30000000000001 -34.97418849864523
111.64999999999999 -34.95900076120265
112.0 -34.94031715281636
112.35 -34.918139541831614
112.7 -34.89247014599104
113.05 -34.86331153221283
113.4 -34.830666616334064
113.75 -34.79453866281912
114.1 -34.75493128443325
114.45 -34.71184844188127
114.8 -34.66529444341156
115.15 -34.61527394438515
115.5 -34.561791946810274
115.85000000000001 -34.504853798842106
116.19999999999999 -34.44446519424801
116.55 -34.38063217183811
116.89999999999999 -34.31336111486146
117.25 -34.242658750367696
117.6 -34.16853214853435
117.95 -34.090988721959825
118.3 -34.010036224922175
118.65 -33.92568275260363
119.0 -33.83793674028114
119.35000000000001 -33.7468069624828
119.7 -33.65230253211046
120.05000000000001 -33.5544328995284
120.39999999999999 -33.45320785161832
120.75 -33.348637510800664
121.1 -33.24073233402237
121.45 -33.12950311171118
121.8 -33.014960966696655
122.15 -32.897117353097826
122.5 -32.77598405517787
122.85 -32.65157318616563
123.2 -32.52389718704431
123.55 -32.392968825307456
123.9 -32.25880119368212
124.25 -32.12140770881966
124.60000000000001 -31.980802109954066
124.94999999999999 -31.836998457528058
125.3 -31.69001113178704
125.64999999999999 -31.5398548313411
126.0 -31.386544571695143
126.35 -31.230095683747393
126.7 -31.07052381225625
127.05 -30.907844914275913
127.4 -30.74207525756059
127.75 -30.573231418937826
128.1 -30.40133028265077
128.45 -30.226389038669815
128.8 -30.04842518097356
129.15 -29.86745650579948
129.5 -29.68350110986428
129.85 -29.49657738855427
130.20000000000002 -29.3067040340858
130.55 -29.1139000336361
130.9 -28.918184667444525
131.25 -28.719577506884626
131.6 -28.518098412506937
131.95 -28.313767532052992
132.29999999999998 -28.10660529844058
132.65 -27.89663242772041
133.0 -27.68386991700459
133.35 -27.468339042366875
133.7 -27.25006135671514
134.05 -27.02905868763603
134.4 -26.805353135212307
134.75 -26.578967069812776
135.1 -26.349923129855338
135.45000000000002 -26.1182442195431
135.79999999999998 -25.88395350657405
136.15 -25.647074419824218
136.5 -25.407630647004908
136.85 -25.165646132293837
137.2 -24.921145073940856
137.55 -24.674151921848022
137.9 -24.42469137512473
138.25 -24.172788379617764
138.6 -23.91846812541677
138.95000000000002 -23.66175604433521
139.3 -23.402677807367294
139.65 -23.1412593221208
140.0 -22.877526730226418
140.35 -22.611506404723556
140.7 -22.34322494742308
141.05 -22.072709186247135
141.4 -21.79998617254645
141.75 -21.525083178395104
142.1 -21.24802769386343
142.45000000000002 -20.968847424268976
142.8 -20.687570287406096
143.15 -20.40422441075407
143.5 -20.11883812866442
143.85000000000002 -19.83143997952753
144.20000000000002 -19.54205870291885
144.54999999999998 -19.25072323672488
144.89999999999998 -18.957462714249452
145.25 -18.662306461300403
145.6 -18.365283993257123
145.95 -18.066425012118867
146.29999999999998 -17.765759403534705
146.65 -17.463317233814912
147.0 -17.15912874692448
147.35 -16.853224361458583
147.7 -16.545634667600844
148.05 -16.236390424064304
148.4 -15.925522555015664
148.75 -15.613062146982749
149.1 -15.299040445745975
149.45 -14.983488853213785
149.8 -14.666438924282446
150.15 -14.347922363680695
150.5 -14.027971022799141
150.85 -13.706616896505244
151.20000000000002 -13.383892119943809
151.55 -13.059828965323616
151.9 -12.734459838690045
152.25 -12.407817276684618
152.60000000000002 -12.079933943291309
152.95000000000002 -11.750842626570277
153.29999999999998 -11.420576235378922
153.64999999999998 -11.089167796081147
154.0 -10.756650449244678
154.35 -10.423057446327157
154.7 -10.088422146350856
155.04999999999998 -9.75277801256691
155.4 -9.416158609108965
155.75 -9.078597597636914
156.1 -8.74012873397057
156.45 -8.400785864714248
156.8 -8.060602923872054
157.15 -7.719613929454649
157.5 -7.377852980077289
157.85 -7.035354251550113
158.2 -6.6921519934605564
158.55 -6.3482805257483985
158.9 -6.003774235273912
159.25 -5.658667572379028
159.6 -5.3129950474424446
159.95000000000002 -4.966791227428568
160.3 -4.620090732430959
160.65 -4.27292823221017
161.0 -3.9253384427269205
161.35000000000002 -3.577356122670472
161.70000000000002 -3.229016069982908
162.04999999999998 -2.8803531183791833
162.39999999999998 -2.531402133863907
162.75 -2.182198011244708
163.1 -1.8327756706429077
163.45 -1.4831700540013513
163.79999999999998 -1.1334161215903655
164.15 -0.7835488485117
164.5 -0.4336032212011696
164.85 -0.08361423392985386
165.2 0.26638311469517656
165.55 0.6163538252307538
165.9 0.9662629008974032
166.25 1.3160753510791794
166.6 1.6657561948225736
166.95 2.015270464334611
167.3 2.364583208479632
167.65 2.713659496274254
168.0 3.062464420380624
168.35 3.4109631005970007
168.70000000000002 3.759120687345809
169.05 4.106902365158441
169.4 4.454273356156966
169.75 4.801198923531755
170.10000000000002 5.147644375015209
170.45000000000002 5.49357506635082
170.79999999999998 5.838956404757759
171.14999999999998 6.183753852390004
171.5 6.527932929790151
171.85 6.871459219337216
172.2 7.214298368688542
172.54999999999998 7.556416094214895
172.9 7.89777818442885
173.25 8.23835050340579
173.6 8.57809899419766
173.95 8.916989682238503
174.3 9.254988678741952
174.65 9.59206218408996
175.0 9.928176491212918
175.35 10.26329798896021
175.7 10.597393165461323
176.05 10.930428611477053
176.4 11.262371023740263
176.75 11.593187208286379
177.1 11.922844083772624
177.45000000000002 12.25130868478619
177.8 12.57854816514064
178.15 12.904529801160662
178.5 13.229220994954309
178.85000000000002 13.552589277672803
179.20000000000002 13.874602312757286
179.54999999999998 14.195227899172625
179.89999999999998 14.514433974627362
180.25 14.832188618779988
180.6 15.148460056430823
180.95 15.463216660699691
181.29999999999998 15.776426956188457
181.65 16.088059622128615
182.0 16.398083495513198
182.35 16.70646757421326
182.7 17.013181020077905
183.05 17.318193162018176
183.4 17.621473499073996
183.75 17.922991703464426
184.1 18.22271762362028
184.45 18.520621287199322
184.8 18.81667290408347
185.15 19.11084286935769
185.5 19.403101766270627
185.85 19.693420369176135
186.20000000000002 19.981769646455874
186.55 20.268120763422367
186.9 20.55244508520256
187.25 20.834714179601214
187.60000000000002 21.11489981994414
187.95000000000002 21.39297398790073
188.29999999999998 21.668908876285954
188.64999999999998 21.94267689184091
189.0 22.214250657992213
189.35 22.483603017589505
189.7 22.75070703562131
190.04999999999998 23.015536001908412
190.4 23.2780634337749
190.75 23.538263078696307
191.1 23.796108916924997
191.45 24.05157516409202
191.8 24.30463627378557
192.15 24.55526694010551
192.5 24.8034421001941
192.85 25.049136936742133
193.2 25.292326880470707
193.55 25.53298761258812
193.9 25.771095067221673
194.25 26.006625433824347
194.6 26.23955515955575
194.95000000000002 26.469860951637443
195.3 26.697519779682096
195.65 26.922508877996638
196.0 27.144805747858737
196.35000000000002 27.364388159766662
196.70000000000002 27.581234155662166
197.04999999999998 27.795322051126394
197.39999999999998 28.006630437548196
197.75 28.21513818426505
198.1 28.420824440675993
198.45 28.623668638326805
198.79999999999998 28.82365049296677
199.15 29.020750006577078
199.5 29.214947469370593
199.85 29.406223461762877
200.2 29.59455885631409
200.55 29.77993481964174
200.9 29.962332814303934
201.25 30.14173460065323
201.6 30.31812223866049
201.95 30.491478089708895
202.3 30.66178481835783
202.65 30.829025394076314
203.0 30.99318309294616
203.35 31.154241499334283
203.70000000000002 31.312184507534262
204.05 31.466996323376875
204.4 31.61866146580956
204.75 31.767164768444463
205.10000000000002 31.912491381075082
205.45000000000002 32.05462677116123
205.79999999999998 32.19355672528237
206.14999999999998 32.32926735055885
206.5 32.461745076041254
206.85 32.590976654067404
207.2 32.716949161587216
207.54999999999998 32.839650001454885
207.9 32.959066903688715
208.25 33.075187926697964
208.6 33.1880014584771
208.95 33.29749621776697
209.3 33.40366125518289
209.65 33.506485954309575
210.0 33.605960032762816
210.35 33.702073543217644
210.7 33.79481687440312
211.05 33.884180752063415
211.4 33.97015623988522
211.75 34.05273474039141
212.1 34.131907995800745
212.45000000000002 34.207668088853666
212.8 34.280007443603985
213.15 34.34891882617653
213.5 34.414395345490455
213.85000000000002 34.47643045394841
214.20000000000002 34.53501794809122
214.54999999999998 34.59015196921831
214.89999999999998 34.64182700397351
215.25 34.69003788489641
215.6 34.734779790939086
215.95 34.776048247948225
216.29999999999998 34.8138391291125
216.65 34.84814865537532
217.0 34.878973395812615
217.35 34.90631026797604
217.7 34.93015653820117
218.05 34.95050982188084
218.4 34.96736808370366
218.75 34.98072963785748
219.1 34.99059314819802
219.45 34.99695762838248
219.8 34.999822441968135
220.15 34.99918730247601
220.5 34.99505227341953
220.85 34.98741776829816
221.20000000000002 34.97628455055604
221.55 34.96165373350566
221.9 34.94352678021656
222.25 34.92190550336894
222.60000000000002 34.89679206507248
222.95000000000002 34.868188976650075
223.29999999999998 34.836099098386725
223.64999999999998 34.800525639243524
224.0 34.76147215653674
224.35 34.7189425555821
224.7 34.67294108930426
225.04999999999998 34.623472357811515
225.4 34.57054130793578
225.75 34.51415323273794
226.1 34.45431377097852
226.45 34.39102890655384
226.8 34.3243049678976
227.15 34.254148627348066
227.5 34.18056690048082
227.85 34.10356714540724
228.2 34.02315706203867
228.55 33.939344691316414
228.9 33.85213841440773
229.25 33.76154695186763
229.6 33.66757936276688
229.95000000000002 33.57024504378605
230.3 33.469553728275976
230.65 33.36551548528426
231.0 33.25814071854854
231.35000000000002 33.14744016545596
231.70000000000002 33.03342489596963
232.04999999999998 32.91610631152147
232.39999999999998 32.79549614387214
232.75 32.67160645393791
233.1 32.54444963058455
233.45 32.41403838938841
233.79999999999998 32.28038577136494
234.15 32.143505141664555
234.5 32.00341018823618
234.85 31.860114920458397
235.2 31.713633667738577
235.55 31.563981078079916
235.9 31.411172116616683
236.25 31.255222064117685
236.6 31.0961465154582
236.95 30.93396137806054
237.3 30.76868287030328
237.65 30.600327519899484
238.0 30.428912162243886
238.35 30.254453938729405
238.70000000000002 30.076970295032996
239.05 29.896478979371157
239.4 29.712998040725036
239.75 29.526545827035587
240.10000000000002 29.33714098336879
240.45000000000002 29.144802450051213
240.79999999999998 28.949549460775884
241.14999999999998 28.75140154067902
241.5 28.55037850438749
241.85 28.346500454037447
242.2 28.139787777264
242.54999999999998 27.930261145162575
242.9 27.717941510221753
243.25 27.502850104228138
243.6 27.285008436143062
243.95 27.064438289951806
244.3 26.841161722485154
244.65 26.61520106121384
245.0 26.38657890201566
245.35 26.155318106916027
245.7 25.921441801801723
246.05 25.68497337410835
246.4 25.445936470481655
246.75 25.204354994412796
247.1 24.96025310384805
247.45000000000002 24.713655208773037
247.8 24.464585968771818
248.15 24.213070290560808
248.5 23.959133325498232
248.85000000000002 23.70280046706896
249.20000000000002 23.444097348345274
249.54999999999998 23.183049839423433
249.89999999999998 22.919684044836796
250.25 22.654026300945326
250.6 22.386103173302075
250.95 22.11594145399652
251.29999999999998 21.843568158975454
251.65 21.56901052534138
252.0 21.29229600862891
252.35 21.0134522800591
252.7 20.73250722377243
253.05 20.449488934040396
253.4 20.164425712456165
253.75 19.87734606510432
254.1 19.588278699710365
254.45 19.297252522769952
254.8 19.004296636658225
255.15 18.709440336719716
255.5 18.412713108338686
255.85 18.1141446239907
256.2 17.813764740275357
256.55 17.511603494930768
256.9 17.20769110382964
257.25 16.902057957957823
257.6 16.594734620375185
257.95 16.285751823159437
258.3 15.975140464332789
258.65 15.662931604772277
259.0 15.349156465103663
259.35 15.033846422579485
259.7 14.717033007941213
260.05 14.398747902266301
260.40000000000003 14.079022933800049
260.75 13.757890074772927
261.1 13.435381438203198
261.45 13.111529274685761
261.8 12.786365969167067
262.15000000000003 12.459924037706752
262.5 12.132236124225903
262.84999999999997 11.803334997242795
263.2 11.473253546596043
263.55 11.142024780155612
263.9 10.809681820522187
264.25 10.476257901714748
264.59999999999997 10.141786365847322
264.95 9.806300659794742
265.3 9.469834331848105
265.65 9.132421028359783
266.0 8.79409449037895
266.35 8.454888550277438
266.7 8.114837128366645
267.05 7.773974229505358
267.4 7.432333939699409
267.75 7.089950422693052
268.1 6.746857916552727
268.45 6.403090730243111
268.8 6.058683240196361
269.15000000000003 5.713669886874448
269.5 5.368085171325252
269.85 5.021963651732314
270.2 4.675339939959158
270.55 4.328248698088079
270.90000000000003 3.980724634954085
271.25 3.632802502673854
271.59999999999997 3.284517093170681
271.95 2.93590323469528
272.3 2.5869957883429557
272.65 2.237829644567651
273.0 1.8884397196927412
273.34999999999997 1.538860952419557
273.7 1.1891283003334794
274.05 0.8392767364083363
274.4 0.48934124550894753
274.75 0.13935682089279086
275.1 -0.21064153928935592
275.45 -0.5606188354930766
275.8 -0.9105400702804289
276.15 -1.260370251819534
276.5 -1.6100743973837932
276.85 -1.9596175368500073
277.2 -2.3089647161955456
277.55 -2.6580810009935947
277.90000000000003 -3.006931479906636
278.25 -3.3554812681774235
278.6 -3.703695511117618
278.95 -4.051539387593104
279.3 -4.398978113506133
279.65000000000003 -4.745976945273583
280.0 -5.092501183301474
280.34999999999997 -5.438516175454771
280.7 -5.783987320522604
281.04999999999995 -6.128880071678358
281.4 -6.4731599399343285
281.75 -6.816792497590647
282.1 -7.159743381677789
282.45 -7.501978297393195
282.8 -7.843463021530488
283.15 -8.184163405901828
283.5 -8.524045380752689
283.84999999999997 -8.863074958168824
284.2 -9.201218235475013
284.55 -9.538441398625368
284.90000000000003 -9.87471072558448
285.25 -10.209992589699928
285.6 -10.544253463064706
285.95 -10.877459919870025
286.3 -11.209578639747878
286.65 -11.540576411103041
287.0 -11.870420134434209
287.35 -12.199076825643974
287.70000000000005 -12.526513619336981
288.05 -12.852697772106781
288.40000000000003 -13.177596665809915
288.75 -13.501177810827762
289.09999999999997 -13.823408849315472
289.45 -14.14425755843772
289.79999999999995 -14.463691853590964
290.15 -14.781679791611888
290.5 -15.09818957397173
290.85 -15.4131895499559
291.2 -15.72664821982936
291.55 -16.03853423798633
291.9 -16.348816416084905
292.25 -16.657463726165837
292.59999999999997 -16.964445303755326
292.95 -17.269730450951435
293.3 -17.573288639493892
293.65000000000003 -17.875089513816707
294.0 -18.175102894083995
294.35 -18.47329877920775
294.7 -18.76964734984794
295.05 -19.06411897139447
295.4 -19.356684196930573
295.75 -19.6473137701775
296.1 -19.935978628420166
296.45000000000005 -20.222649905413203
296.8 -20.507298934267848
297.15000000000003 -20.789897250318425
297.5 -21.070416593968826
297.84999999999997 -21.348828913518453
298.2 -21.625106367967362
298.54999999999995 -21.89922132980033
298.9 -22.171146387749616
299.25 -22.440854349536064
299.6 -22.70831824458816
299.95 -22.973511326739334
300.3 -23.236407076902363
300.65 -23.49697920572131
301.0 -23.755201656200438
301.34999999999997 -24.011048606309878
301.7 -24.264494471567826
302.05 -24.51551390759901
302.40000000000003 -24.764081812668916
302.75 -25.010173330194217
303.1 -25.253763851228246
303.45 -25.494829016921884
303.8 -25.733344720959447
304.15 -25.969287111969297
304.5 -26.202632595908955
304.85 -26.433357838424513
305.20000000000005 -26.661439767183914
305.55 -26.886855574184388
305.90000000000003 -27.10958271803308
306.25 -27.32959892620122
306.59999999999997 -27.546882197251325
306.95 -27.761410803037364
307.29999999999995 -27.97316329087753
307.65 -28.1821184856995
308.0 -28.38825549215796
308.35 -28.591553696723967
308.7 -28.791992769746514
309.05 -28.989552667485338
309.4 -29.18421363411529
309.75 -29.375956203701932
310.09999999999997 -29.56476120214808
310.45 -29.750609749111234
310.8 -29.933483259891606
311.15000000000003 -30.11336344729044
311.5 -30.29023232343893
311.85 -30.46407220159685
312.2 -30.634865697921253
312.55 -30.80259573320484
312.9 -30.967245534583846
313.25 -31.128798637215343
313.6 -31.287238885923735
313.95000000000005 -31.44255043681611
314.3 -31.594717758866846
314.65000000000003 -31.743725635470536
315.0 -31.889559165963693
315.34999999999997 -32.0322037671148
315.7 -32.171645174582615
316.04999999999995 -32.307869444342586
316.4 -32.440862954081254
316.75 -32.570612404558496
317.1 -32.697104820937355
317.45 -32.82032755408161
317.8 -32.940268281820636
318.15 -33.05691501018162
318.5 -33.17025607458891
318.84999999999997 -33.280280141030545
319.2 -33.386976207191545
319.55 -33.490333603554234
319.90000000000003 -33.590341994465064
320.25 -33.686991379168305
320.6 -33.78027209280603
320.95 -33.87017480738461
321.3 -33.956690532707505
321.65 -34.03981061727427
322.0 -34.11952674914573
322.35 -34.195830956775126
322.70000000000005 -34.26871560980526
323.05 -34.338173419831584
323.40000000000003 -34.404197441130975
323.75 -34.46678107135633
324.09999999999997 -34.52591805219676
324.45 -34.58160247000348
324.79999999999995 -34.6338287563811
325.15 -34.682591688744516
325.5 -34.72788639084112
325.85 -34.76970833323845
326.2 -34.80805333377711
326.55 -34.84291755798901
326.9 -34.87429751948078
327.25 -34.902190080282416
327.59999999999997 -34.926592451161085
327.95 -34.94750219190004
328.3 -34.96491721154263
328.65000000000003 -34.97883576860139
329.0 -34.989256471232224
329.35 -34.99617827737356
329.7 -34.99960049485053
330.05 -34.99952278144426
330.4 -34.99594514492602
330.75 -34.98886794305647
331.1 -34.978291883549915
331.45000000000005 -34.96421802400347
331.8 -34.94664777179139
332.15000000000003 -34.925582883924235
332.5 -34.90102546687324
332.84999999999997 -34.872977976359664
333.2 -34.84144321710916
333.54999999999995 -34.80642434257138
333.9 -34.7679248546046
334.25 -34.72594860312553
334.6 -34.68049978572435
334.95 -34.63158294724492
335.3 -34.57920297933032
335.65 -34.52336511993369
336.0 -34.46407495279445
336.34999999999997 -34.40133840687989
336.7 -34.33516175579233
337.05 -34.26555161714171
337.40000000000003 -34.19251495188393
337.75 -34.116059063624625
338.1 -34.036191597888916
338.45 -33.95292054135681
338.8 -33.86625422106458
339.15 -33.77620130357203
339.5 -33.68277079409586
339.85 -33.585972035609146
340.20000000000005 -33.4858147079071
340.55 -33.38230882663902
340.90000000000003 -33.275464742306774
341.25 -33.16529313922976
341.59999999999997 -33.05180503447648
341.95 -32.93501177676282
342.29999999999995 -32.814925045317246
342.65 -32.691556848712814
343.0 -32.56491952366636
343.35 -32.435025733804906
343.7 -32.30188846839918
344.05 -32.16552104106476
344.4 -32.02593708843074
344.75 -31.883150568776067
345.09999999999997 -31.737175760633722
345.45 -31.58802726136287
345.8 -31.435719985689126
346.15000000000003 -31.28026916421319
346.5 -31.12169034188763
346.85 -30.95999937646254
347.2 -30.79521243689972
347.55 -30.6273460017558
347.9 -30.456416857534407
348.25 -30.28244209700752
348.6 -30.105439117506187
348.95000000000005 -29.92542561918092
349.3 -29.742419603231507
349.65000000000003 -29.556439370107032
350.0 -29.367503517675836
